172.97 
178.11 
14.25 
457.41 
107.97 
0.81 
256.56 
19.16 
475.43 
89.76 
222.83 
57.71 
193.22 
180.17 
238.58 
78.26 
23.51 
321.80 
92.26 
383.81 
120.52 
309.57 
189.22 
509.58 
8.95 
188.19 
4.59 
17.92 
249.55 
671.34 
407.08 
84.04 
11.11 
286.28 
162.81 
352.31 
17.58 
135.82 
277.23 
340.31 
44.47 
67.39 
113.08 
114.68 
32.57 
1009.00 
28.48 
50.47 
4.56 
1.67 
158.83 
77.70 
31.14 
210.76 
358.29 
225.10 
28.09 
173.37 
5.21 
9.02 
448.04 
117.18 
92.39 
14.13 
431.41 
143.32 
156.42 
233.10 
60.73 
164.64 
92.10 
279.84 
110.38 
79.49 
58.41 
235.15 
55.61 
303.06 
340.52 
213.24 
357.77 
51.37 
404.15 
114.08 
230.45 
162.24 
484.56 
445.90 
94.28 
91.69 
209.23 
9.55 
65.38 
58.77 
107.10 
399.77 
21.41 
25.70 
29.65 
2.35 
322.84 
82.51 
163.06 
62.91 
22.23 
95.65 
105.90 
163.55 
126.83 
118.34 
46.42 
191.86 
107.28 
187.65 
24.48 
75.38 
287.93 
464.24 
388.20 
65.24 
43.48 
384.63 
143.74 
821.25 
11.89 
598.24 
9.86 
211.28 
402.45 
92.53 
147.96 
132.07 
23.62 
95.01 
126.21 
196.39 
340.15 
406.95 
140.77 
602.29 
150.40 
176.42 
314.40 
19.19 
59.36 
2.97 
708.01 
347.68 
279.57 
39.43 
45.21 
33.18 
45.14 
63.41 
243.74 
466.88 
180.92 
353.21 
4.46 
70.06 
288.31 
690.08 
14.61 
35.46 
252.22 
34.36 
146.18 
379.33 
72.39 
228.15 
40.02 
7.81 
64.97 
683.62 
153.48 
106.84 
56.03 
212.45 
90.81 
77.52 
194.51 
728.69 
344.53 
176.39 
228.97 
117.02 
424.81 
6.18 
242.13 
76.46 
291.62 
56.08 
224.36 
676.43 
230.70 
125.70 
108.17 
508.72 
111.99 
276.53 
233.57 
2.52 
42.05 
264.47 
583.94 
73.75 
3.64 
370.42 
834.12 
1.64 
89.12 
584.14 
314.15 
77.60 
271.46 
86.08 
37.36 
128.92 
44.26 
35.02 
166.42 
327.77 
241.47 
359.06 
245.85 
36.64 
11.26 
328.68 
157.19 
89.41 
124.46 
97.25 
458.17 
265.80 
19.56 
76.53 
28.14 
49.21 
92.01 
294.09 
56.28 
14.27 
181.98 
88.77 
32.83 
47.94 
154.04 
201.87 
95.43 
11.30 
59.07 
210.98 
50.28 
139.32 
181.80 
32.00 
84.36 
354.07 
52.72 
232.58 
31.91 
0.96 
38.23 
104.83 
136.02 
312.26 
36.11 
176.60 
273.29 
10.96 
67.45 
71.70 
140.69 
20.45 
136.29 
168.35 
210.13 
257.19 
286.90 
49.04 
108.21 
359.65 
214.73 
629.27 
445.66 
85.88 
410.39 
243.65 
126.89 
217.05 
1.73 
199.04 
288.24 
216.41 
213.05 
33.59 
123.08 
0.13 
59.28 
165.92 
41.85 
70.40 
34.82 
39.88 
40.91 
78.23 
841.14 
168.51 
306.92 
129.40 
45.69 
5.31 
466.67 
320.63 
58.84 
134.71 
45.46 
195.64 
167.49 
184.25 
138.21 
194.98 
26.28 
7.06 
34.90 
119.20 
99.75 
625.80 
88.16 
200.72 
135.22 
25.87 
263.30 
103.88 
376.12 
93.17 
318.91 
7.41 
10.85 
679.61 
390.69 
245.40 
69.78 
70.16 
92.07 
183.49 
28.96 
231.40 
4.39 
178.07 
91.80 
60.40 
365.22 
45.65 
562.11 
234.45 
404.28 
51.49 
127.39 
761.92 
78.63 
1.32 
51.47 
81.17 
113.04 
766.42 
340.55 
176.57 
50.59 
259.09 
715.51 
28.38 
458.25 
23.63 
95.39 
357.84 
119.98 
24.95 
116.91 
276.54 
36.99 
627.49 
153.10 
16.00 
193.38 
207.04 
59.84 
162.85 
213.70 
40.40 
34.68 
36.38 
190.22 
381.97 
6.42 
324.22 
51.55 
72.49 
20.55 
2.13 
184.20 
103.82 
56.31 
188.00 
22.86 
85.62 
89.24 
54.08 
409.34 
115.89 
2.13 
911.62 
292.80 
275.39 
114.96 
0.31 
260.83 
102.23 
919.26 
217.06 
309.70 
43.53 
566.80 
679.36 
40.57 
175.84 
135.49 
1404.02 
177.80 
82.10 
140.42 
198.68 
163.93 
131.85 
8.57 
306.87 
138.81 
257.40 
6.81 
182.26 
757.42 
505.01 
265.89 
276.00 
168.57 
430.46 
278.67 
91.53 
6.04 
72.39 
213.26 
84.52 
224.99 
125.04 
39.96 
197.90 
192.89 
682.54 
85.82 
178.92 
118.35 
11.71 
54.93 
172.64 
30.75 
634.25 
287.31 
11.26 
31.97 
129.80 
7.10 
32.57 
46.54 
306.97 
66.83 
81.53 
141.96 
164.87 
72.30 
563.71 
331.31 
261.28 
725.25 
52.43 
324.14 
122.02 
131.99 
178.03 
30.15 
410.53 
30.62 
56.28 
123.10 
49.48 
339.41 
172.64 
122.55 
12.71 
66.01 
659.27 
58.76 
179.57 
59.99 
117.89 
379.73 
131.32 
82.68 
108.22 
135.72 
333.38 
105.79 
175.61 
203.08 
96.99 
216.90 
292.14 
127.26 
61.21 
533.34 
160.79 
113.18 
409.99 
231.83 
84.58 
313.56 
26.72 
124.63 
82.72 
1.40 
31.36 
63.11 
42.74 
38.36 
1.46 
28.12 
116.00 
102.41 
389.19 
122.34 
139.85 
52.30 
40.95 
102.46 
198.30 
31.26 
6.95 
13.78 
7.97 
256.85 
49.86 
21.56 
35.72 
50.53 
59.53 
557.05 
54.39 
50.74 
251.17 
88.32 
104.80 
173.45 
66.68 
25.18 
254.79 
50.67 
127.05 
713.60 
197.85 
283.10 
24.79 
192.66 
83.54 
12.70 
148.57 
169.27 
329.75 
301.00 
30.37 
239.52 
22.78 
219.68 
44.83 
174.63 
519.99 
182.26 
266.60 
274.02 
45.73 
56.98 
61.02 
38.81 
52.19 
230.13 
201.10 
150.76 
46.75 
153.05 
42.25 
206.44 
2.18 
68.60 
74.42 
23.85 
70.35 
169.53 
96.83 
13.92 
207.43 
11.25 
688.02 
177.16 
348.18 
67.45 
50.44 
41.03 
101.41 
81.09 
447.33 
0.79 
214.58 
66.55 
41.65 
2.79 
111.50 
28.91 
122.04 
29.13 
51.48 
58.72 
130.23 
7.54 
265.54 
4.56 
739.97 
163.27 
5.78 
79.39 
116.50 
129.82 
320.85 
115.12 
145.96 
123.48 
19.93 
135.08 
62.65 
108.94 
120.10 
35.27 
71.79 
767.82 
287.46 
50.36 
7.16 
33.70 
26.55 
43.91 
54.08 
460.28 
610.95 
391.27 
29.36 
22.61 
1010.54 
383.02 
10.16 
47.44 
13.34 
62.13 
149.25 
96.90 
316.20 
170.37 
320.89 
271.83 
452.25 
260.19 
415.30 
83.38 
7.79 
65.86 
45.75 
6.63 
171.88 
374.26 
72.08 
265.94 
172.13 
32.07 
281.71 
411.42 
429.03 
18.81 
58.00 
218.33 
107.50 
205.03 
448.75 
174.84 
291.36 
300.33 
10.29 
41.65 
268.52 
294.72 
130.35 
108.45 
43.83 
20.38 
568.90 
164.98 
497.79 
57.56 
412.07 
786.94 
213.17 
244.57 
121.19 
82.11 
804.30 
26.05 
614.30 
58.99 
230.46 
40.80 
13.00 
98.14 
76.23 
45.03 
5.22 
689.74 
151.51 
147.43 
237.67 
235.62 
4.01 
54.34 
122.07 
106.08 
170.03 
2.90 
111.29 
171.78 
286.00 
133.39 
42.62 
263.41 
9.98 
483.62 
76.47 
136.56 
93.44 
189.52 
142.26 
19.10 
329.41 
93.18 
26.45 
275.22 
5.75 
20.10 
234.38 
87.90 
161.49 
88.98 
15.99 
184.46 
36.85 
236.18 
56.30 
173.71 
7.80 
62.50 
618.07 
455.22 
1.69 
101.61 
902.10 
625.40 
215.36 
174.79 
146.70 
127.22 
16.86 
56.37 
266.00 
11.46 
25.01 
22.36 
202.75 
315.86 
64.98 
37.76 
114.55 
564.06 
147.73 
137.82 
48.58 
11.07 
58.71 
5.79 
78.56 
190.35 
146.62 
380.66 
2.28 
770.57 
140.24 
267.92 
98.86 
279.70 
121.83 
19.67 
19.76 
345.91 
18.80 
187.73 
19.65 
19.48 
100.74 
100.87 
35.78 
188.23 
201.24 
106.35 
47.65 
73.17 
321.65 
27.89 
5.98 
37.43 
561.94 
127.62 
62.74 
54.56 
84.90 
180.16 
115.64 
32.06 
689.66 
202.34 
39.17 
113.88 
143.28 
67.73 
66.77 
428.15 
100.44 
730.06 
31.14 
543.71 
91.66 
371.75 
147.38 
274.85 
8.52 
526.66 
76.45 
121.92 
188.21 
249.87 
31.12 
2.72 
208.47 
132.04 
135.66 
14.48 
18.95 
45.98 
369.05 
76.31 
315.49 
34.31 
31.42 
158.04 
264.46 
139.51 
355.92 
529.37 
59.07 
179.07 
99.56 
41.27 
32.02 
44.55 
499.91 
8.99 
30.37 
460.54 
314.17 
27.01 
109.10 
178.25 
64.25 
39.31 
177.69 
36.95 
15.68 
984.42 
163.10 
103.94 
252.81 
5.67 
45.64 
430.13 
49.62 
1013.77 
106.10 
317.56 
238.39 
39.24 
173.38 
159.54 
21.12 
137.64 
219.00 
230.49 
64.16 
146.28 
180.10 
6.37 
1.31 
17.45 
366.11 
75.81 
288.96 
646.08 
57.75 
123.60 
333.26 
138.30 
59.86 
158.21 
49.16 
190.47 
121.00 
329.68 
19.17 
62.39 
285.37 
20.81 
19.36 
221.37 
154.04 
41.04 
265.58 
56.01 
596.67 
111.32 
332.09 
89.35 
35.08 
234.17 
283.98 
86.94 
198.43 
418.64 
221.04 
12.09 
163.43 
716.77 
51.02 
27.92 
70.63 
213.14 
82.22 
71.84 
163.23 
575.38 
155.96 
146.41 
275.12 
337.67 
750.83 
252.68 
75.50 
518.69 
182.56 
116.31 
43.91 
120.03 
141.24 
34.15 
60.89 
41.80 
250.83 
219.53 
223.33 
431.26 
73.93 
324.64 
25.81 
662.21 
190.99 
182.90 
361.35 
49.38 
3.22 
356.31 
154.60 
